<?xml version="1.0" encoding="UTF-8" standalone="no"?>
<!DOCTYPE svg PUBLIC "-//W3C//DTD SVG 20010904//EN"
              "http://www.w3.org/TR/2001/REC-SVG-20010904/DTD/svg10.dtd">

<svg xmlns="http://www.w3.org/2000/svg"
     width="0.111111in" height="0.0777778in"
     viewBox="0 0 10 7">
  <path id="Imported Path"
        fill="none" stroke="black" stroke-width="1"
        d="M 9.76,0.80
           C 9.76,0.80 9.28,0.26 9.28,0.26
             9.11,0.09 8.92,0.00 8.70,0.00
             8.47,0.00 8.28,0.09 8.12,0.26
             8.12,0.26 5.00,3.73 5.00,3.73
             5.00,3.73 1.88,0.26 1.88,0.26
             1.72,0.09 1.53,0.00 1.30,0.00
             1.08,0.00 0.89,0.09 0.72,0.26
             0.72,0.26 0.24,0.80 0.24,0.80
             0.08,0.98 0.00,1.20 0.00,1.45
             0.00,1.70 0.08,1.92 0.24,2.09
             0.24,2.09 4.42,6.73 4.42,6.73
             4.58,6.91 4.77,7.00 5.00,7.00
             5.23,7.00 5.42,6.91 5.58,6.73
             5.58,6.73 9.76,2.09 9.76,2.09
             9.92,1.91 10.00,1.70 10.00,1.45
             10.00,1.20 9.92,0.98 9.76,0.80 Z" />
</svg>
