<?xml version="1.0" encoding="UTF-8" standalone="no"?>
<!DOCTYPE svg PUBLIC "-//W3C//DTD SVG 20010904//EN"
              "http://www.w3.org/TR/2001/REC-SVG-20010904/DTD/svg10.dtd">

<svg xmlns="http://www.w3.org/2000/svg"
     width="0.0555556in" height="0.211111in"
     viewBox="0 0 5 19">
  <path id="Imported Path"
        fill="none" stroke="black" stroke-width="1"
        d="M 2.50,0.00
           C 3.88,0.00 5.00,1.12 5.00,2.50
             5.00,3.88 3.88,5.00 2.50,5.00
             1.12,5.00 0.00,3.88 0.00,2.50
             0.00,1.12 1.12,0.00 2.50,0.00 Z
           M 5.00,9.50
           C 5.00,8.12 3.88,7.00 2.50,7.00
             1.12,7.00 0.00,8.12 0.00,9.50
             0.00,10.88 1.12,12.00 2.50,12.00
             3.88,12.00 5.00,10.88 5.00,9.50 Z
           M 5.00,16.50
           C 5.00,15.12 3.88,14.00 2.50,14.00
             1.12,14.00 0.00,15.12 0.00,16.50
             0.00,17.88 1.12,19.00 2.50,19.00
             3.88,19.00 5.00,17.88 5.00,16.50 Z" />
</svg>
