<?xml version="1.0" encoding="UTF-8" standalone="no"?>
<!DOCTYPE svg PUBLIC "-//W3C//DTD SVG 20010904//EN"
              "http://www.w3.org/TR/2001/REC-SVG-20010904/DTD/svg10.dtd">

<svg xmlns="http://www.w3.org/2000/svg"
     width="0.155556in" height="0.144444in"
     viewBox="0 0 14 13">
  <path id="Imported Path"
        fill="none" stroke="black" stroke-width="1"
        d="M 0.00,1.27
           C 0.00,0.57 0.60,0.00 1.33,0.00
             1.33,0.00 8.05,-0.00 9.00,0.00
             11.08,-0.02 12.39,0.55 12.96,2.00
             13.11,2.37 13.95,5.58 13.96,5.62
             14.20,6.68 13.40,7.61 12.24,7.61
             12.24,7.61 9.84,7.61 9.84,7.61
             9.65,7.61 9.53,7.75 9.56,7.92
             9.56,7.92 9.74,8.77 9.78,8.98
             9.93,9.76 10.01,10.38 10.00,10.79
             10.01,11.45 9.64,12.01 9.05,12.44
             8.73,12.68 8.25,12.90 8.25,12.90
             7.74,13.14 7.14,12.93 6.90,12.45
             6.90,12.45 4.99,8.49 4.83,8.19
             4.67,7.88 4.25,7.61 3.88,7.61
             3.88,7.61 1.33,7.61 1.33,7.61
             0.60,7.61 0.00,7.05 0.00,6.35
             0.00,6.35 0.00,1.27 0.00,1.27 Z
           M 9.02,1.27
           C 10.50,1.26 11.23,1.54 11.60,2.22
             11.60,2.22 11.33,2.22 11.33,2.22
             10.97,2.22 10.67,2.50 10.67,2.86
             10.67,3.21 10.96,3.49 11.33,3.49
             11.33,3.49 12.00,3.49 12.00,3.49
             12.06,3.69 12.12,3.91 12.18,4.12
             12.18,4.12 11.67,4.12 11.67,4.12
             11.30,4.12 11.00,4.41 11.00,4.76
             11.00,5.11 11.30,5.39 11.67,5.39
             11.67,5.39 12.52,5.39 12.52,5.39
             12.60,5.68 12.65,5.87 12.65,5.88
             12.71,6.16 12.55,6.34 12.24,6.34
             12.24,6.34 9.84,6.34 9.84,6.34
             8.81,6.34 8.06,7.21 8.26,8.17
             8.26,8.21 8.46,9.13 8.47,9.20
             8.61,9.94 8.67,10.47 8.67,10.77
             8.67,10.77 8.67,10.82 8.67,10.82
             8.67,11.01 8.55,11.21 8.23,11.44
             8.19,11.47 7.96,11.61 7.96,11.61
             7.96,11.61 6.04,7.65 6.04,7.65
             5.68,6.92 4.85,6.39 4.00,6.35
             4.00,6.35 4.00,1.27 4.00,1.27
             6.11,1.27 8.76,1.27 9.02,1.27 Z
           M 2.67,6.34
           C 2.67,6.34 1.33,6.34 1.33,6.34
             1.33,6.34 1.33,1.27 1.33,1.27
             1.33,1.27 2.67,1.27 2.67,1.27
             2.67,1.27 2.67,6.34 2.67,6.34 Z" />
</svg>
