<?xml version="1.0" encoding="UTF-8" standalone="no"?>
<!DOCTYPE svg PUBLIC "-//W3C//DTD SVG 20010904//EN"
              "http://www.w3.org/TR/2001/REC-SVG-20010904/DTD/svg10.dtd">

<svg xmlns="http://www.w3.org/2000/svg"
     width="0.366667in" height="0.266667in"
     viewBox="0 0 33 24">
  <path id="Imported Path"
        fill="none" stroke="black" stroke-width="1"
        d="M 0.00,9.00
           C 0.00,9.00 4.50,9.00 4.50,9.00
             4.50,9.00 4.50,4.50 4.50,4.50
             4.50,4.50 9.00,4.50 9.00,4.50
             9.00,4.50 9.00,0.00 9.00,0.00
             9.00,0.00 0.00,0.00 0.00,0.00
             0.00,0.00 0.00,9.00 0.00,9.00 Z
           M 24.00,0.00
           C 24.00,0.00 24.00,4.50 24.00,4.50
             24.00,4.50 28.50,4.50 28.50,4.50
             28.50,4.50 28.50,9.00 28.50,9.00
             28.50,9.00 33.00,9.00 33.00,9.00
             33.00,9.00 33.00,0.00 33.00,0.00
             33.00,0.00 24.00,0.00 24.00,0.00 Z
           M 24.00,19.50
           C 24.00,19.50 24.00,24.00 24.00,24.00
             24.00,24.00 33.00,24.00 33.00,24.00
             33.00,24.00 33.00,15.00 33.00,15.00
             33.00,15.00 28.50,15.00 28.50,15.00
             28.50,15.00 28.50,19.50 28.50,19.50
             28.50,19.50 24.00,19.50 24.00,19.50 Z
           M 4.50,15.00
           C 4.50,15.00 0.00,15.00 0.00,15.00
             0.00,15.00 0.00,24.00 0.00,24.00
             0.00,24.00 9.00,24.00 9.00,24.00
             9.00,24.00 9.00,19.50 9.00,19.50
             9.00,19.50 4.50,19.50 4.50,19.50
             4.50,19.50 4.50,15.00 4.50,15.00 Z" />
</svg>
