<?xml version="1.0" encoding="UTF-8" standalone="no"?>
<!DOCTYPE svg PUBLIC "-//W3C//DTD SVG 20010904//EN"
              "http://www.w3.org/TR/2001/REC-SVG-20010904/DTD/svg10.dtd">

<svg xmlns="http://www.w3.org/2000/svg"
     width="0.155556in" height="0.144444in"
     viewBox="0 0 14 13">
  <path id="Imported Path"
        fill="none" stroke="black" stroke-width="1"
        d="M 0.00,11.73
           C 0.00,12.43 0.60,13.00 1.33,13.00
             1.33,13.00 8.05,13.00 9.00,13.00
             11.08,13.02 12.39,12.45 12.96,11.00
             13.11,10.63 13.95,7.42 13.96,7.38
             14.20,6.32 13.40,5.39 12.24,5.39
             12.24,5.39 9.84,5.39 9.84,5.39
             9.65,5.39 9.53,5.25 9.56,5.08
             9.56,5.08 9.74,4.23 9.78,4.02
             9.93,3.24 10.01,2.62 10.00,2.21
             10.01,1.55 9.64,0.99 9.05,0.56
             8.73,0.32 8.25,0.10 8.25,0.10
             7.74,-0.14 7.14,0.07 6.90,0.55
             6.90,0.55 4.99,4.51 4.83,4.81
             4.67,5.12 4.25,5.39 3.88,5.39
             3.88,5.39 1.33,5.39 1.33,5.39
             0.60,5.39 0.00,5.95 0.00,6.65
             0.00,6.65 0.00,11.73 0.00,11.73 Z
           M 9.02,11.73
           C 10.50,11.74 11.23,11.46 11.60,10.78
             11.60,10.78 11.33,10.78 11.33,10.78
             10.97,10.78 10.67,10.50 10.67,10.14
             10.67,9.79 10.96,9.51 11.33,9.51
             11.33,9.51 12.00,9.51 12.00,9.51
             12.06,9.31 12.12,9.09 12.18,8.88
             12.18,8.88 11.67,8.88 11.67,8.88
             11.30,8.88 11.00,8.59 11.00,8.24
             11.00,7.89 11.30,7.61 11.67,7.61
             11.67,7.61 12.52,7.61 12.52,7.61
             12.60,7.32 12.65,7.13 12.65,7.12
             12.71,6.84 12.55,6.66 12.24,6.66
             12.24,6.66 9.84,6.66 9.84,6.66
             8.81,6.66 8.06,5.79 8.26,4.83
             8.26,4.79 8.46,3.87 8.47,3.80
             8.61,3.06 8.67,2.53 8.67,2.23
             8.67,2.23 8.67,2.18 8.67,2.18
             8.67,1.99 8.55,1.79 8.23,1.56
             8.19,1.53 7.96,1.39 7.96,1.39
             7.96,1.39 6.04,5.35 6.04,5.35
             5.68,6.08 4.85,6.61 4.00,6.65
             4.00,6.65 4.00,11.73 4.00,11.73
             6.11,11.73 8.76,11.73 9.02,11.73 Z
           M 2.67,6.66
           C 2.67,6.66 1.33,6.66 1.33,6.66
             1.33,6.66 1.33,11.73 1.33,11.73
             1.33,11.73 2.67,11.73 2.67,11.73
             2.67,11.73 2.67,6.66 2.67,6.66 Z" />
</svg>
