<?xml version="1.0" encoding="UTF-8" standalone="no"?>
<!DOCTYPE svg PUBLIC "-//W3C//DTD SVG 20010904//EN"
              "http://www.w3.org/TR/2001/REC-SVG-20010904/DTD/svg10.dtd">

<svg xmlns="http://www.w3.org/2000/svg"
     width="0.311111in" height="0.0666667in"
     viewBox="0 0 28 6">
  <path id="Imported Path"
        fill="none" stroke="black" stroke-width="1"
        d="M 3.00,6.00
           C 4.66,6.00 6.00,4.66 6.00,3.00
             6.00,1.34 4.66,0.00 3.00,0.00
             1.34,0.00 0.00,1.34 0.00,3.00
             0.00,4.66 1.34,6.00 3.00,6.00 Z
           M 14.00,6.00
           C 15.66,6.00 17.00,4.66 17.00,3.00
             17.00,1.34 15.66,0.00 14.00,0.00
             12.34,0.00 11.00,1.34 11.00,3.00
             11.00,4.66 12.34,6.00 14.00,6.00 Z
           M 28.00,3.00
           C 28.00,4.66 26.66,6.00 25.00,6.00
             23.34,6.00 22.00,4.66 22.00,3.00
             22.00,1.34 23.34,0.00 25.00,0.00
             26.66,0.00 28.00,1.34 28.00,3.00 Z" />
</svg>
