<?xml version="1.0" encoding="UTF-8" standalone="no"?>
<!DOCTYPE svg PUBLIC "-//W3C//DTD SVG 20010904//EN"
              "http://www.w3.org/TR/2001/REC-SVG-20010904/DTD/svg10.dtd">

<svg xmlns="http://www.w3.org/2000/svg"
     width="0.3in" height="0.2in"
     viewBox="0 0 27 18">
  <path id="Imported Path"
        fill="none" stroke="black" stroke-width="1"
        d="M 10.80,0.00
           C 10.80,0.00 10.80,5.99 10.80,5.99
             10.80,5.99 0.00,0.00 0.00,0.00
             0.00,0.00 0.00,16.50 0.00,16.50
             0.00,16.50 10.80,10.50 10.80,10.50
             10.80,10.50 10.80,16.50 10.80,16.50
             10.80,16.50 23.25,9.90 23.25,9.90
             23.25,9.90 23.25,16.50 23.25,16.50
             23.25,16.50 27.00,16.50 27.00,16.50
             27.00,16.50 27.00,0.00 27.00,0.00
             27.00,0.00 23.25,0.00 23.25,0.00
             23.25,0.00 23.25,7.42 23.25,7.42
             23.25,7.42 10.80,0.00 10.80,0.00 Z" />
</svg>
