<?xml version="1.0" encoding="UTF-8" standalone="no"?>
<!DOCTYPE svg PUBLIC "-//W3C//DTD SVG 20010904//EN"
              "http://www.w3.org/TR/2001/REC-SVG-20010904/DTD/svg10.dtd">

<svg xmlns="http://www.w3.org/2000/svg"
     width="0.3in" height="0.3in"
     viewBox="0 0 27 27">
  <path id="Imported Path"
        fill="none" stroke="black" stroke-width="1"
        d="M 27.00,15.53
           C 27.00,15.53 27.00,11.48 27.00,11.48
             27.00,11.48 23.41,11.48 23.41,11.48
             23.16,10.19 22.65,8.99 21.94,7.92
             21.94,7.92 24.46,5.40 24.46,5.40
             24.46,5.40 21.60,2.53 21.60,2.53
             21.60,2.53 19.08,5.05 19.08,5.05
             18.02,4.35 16.82,3.84 15.53,3.57
             15.53,3.57 15.53,0.00 15.53,0.00
             15.53,0.00 11.48,0.00 11.48,0.00
             11.48,0.00 11.48,3.57 11.48,3.57
             10.17,3.84 8.97,4.35 7.91,5.05
             7.91,5.05 5.38,2.53 5.38,2.53
             5.38,2.53 2.52,5.40 2.52,5.40
             2.52,5.40 5.04,7.92 5.04,7.92
             4.33,8.99 3.82,10.19 3.57,11.48
             3.57,11.48 0.00,11.48 0.00,11.48
             0.00,11.48 0.00,15.53 0.00,15.53
             0.00,15.53 3.57,15.53 3.57,15.53
             3.84,16.82 4.35,18.02 5.05,19.08
             5.05,19.08 2.52,21.62 2.52,21.62
             2.52,21.62 5.38,24.48 5.38,24.48
             5.38,24.48 7.92,21.94 7.92,21.94
             8.99,22.65 10.19,23.16 11.48,23.41
             11.48,23.41 11.48,27.00 11.48,27.00
             11.48,27.00 15.53,27.00 15.53,27.00
             15.53,27.00 15.53,23.41 15.53,23.41
             16.82,23.16 18.00,22.65 19.06,21.94
             19.06,21.94 21.60,24.48 21.60,24.48
             21.60,24.48 24.46,21.62 24.46,21.62
             24.46,21.62 21.93,19.08 21.93,19.08
             22.64,18.02 23.14,16.82 23.41,15.53
             23.41,15.53 27.00,15.53 27.00,15.53 Z
           M 13.50,19.57
           C 10.14,19.57 7.42,16.84 7.42,13.50
             7.42,10.14 10.14,7.42 13.50,7.42
             16.84,7.42 19.57,10.14 19.57,13.50
             19.57,16.84 16.84,19.57 13.50,19.57 Z" />
</svg>
