<?xml version="1.0" encoding="UTF-8" standalone="no"?>
<!DOCTYPE svg PUBLIC "-//W3C//DTD SVG 20010904//EN"
              "http://www.w3.org/TR/2001/REC-SVG-20010904/DTD/svg10.dtd">

<svg xmlns="http://www.w3.org/2000/svg"
     width="0.3in" height="0.2in"
     viewBox="0 0 27 18">
  <path id="Imported Path"
        fill="none" stroke="black" stroke-width="1"
        d="M 0.00,18.00
           C 0.00,18.00 27.00,18.00 27.00,18.00
             27.00,18.00 27.00,0.00 27.00,0.00
             27.00,0.00 0.00,0.00 0.00,0.00
             0.00,0.00 0.00,18.00 0.00,18.00 Z
           M 12.08,11.25
           C 11.87,11.69 11.58,12.06 11.23,12.36
             10.89,12.66 10.49,12.90 10.04,13.05
             9.57,13.21 9.06,13.29 8.51,13.29
             7.81,13.29 7.18,13.19 6.64,12.96
             6.09,12.72 5.62,12.41 5.25,12.02
             4.86,11.61 4.58,11.13 4.36,10.59
             4.17,10.05 4.06,9.47 4.06,8.84
             4.06,8.21 4.17,7.60 4.36,7.05
             4.58,6.51 4.86,6.03 5.25,5.61
             5.62,5.21 6.09,4.89 6.64,4.65
             7.18,4.42 7.81,4.30 8.51,4.30
             9.00,4.30 9.47,4.36 9.92,4.51
             10.35,4.65 10.74,4.84 11.10,5.10
             11.45,5.37 11.73,5.68 11.96,6.08
             12.20,6.46 12.33,6.90 12.39,7.39
             12.39,7.39 10.47,7.39 10.47,7.39
             10.44,7.18 10.37,6.99 10.24,6.81
             10.12,6.61 9.98,6.46 9.79,6.33
             9.63,6.19 9.42,6.09 9.21,6.01
             8.97,5.92 8.74,5.89 8.51,5.89
             8.06,5.89 7.68,5.97 7.36,6.13
             7.05,6.30 6.79,6.52 6.60,6.81
             6.41,7.08 6.27,7.39 6.18,7.75
             6.09,8.10 6.04,8.46 6.04,8.84
             6.04,9.21 6.09,9.56 6.18,9.90
             6.27,10.23 6.41,10.54 6.60,10.82
             6.79,11.09 7.05,11.31 7.36,11.48
             7.68,11.64 8.06,11.71 8.51,11.71
             9.11,11.71 9.59,11.55 9.92,11.19
             10.26,10.83 10.47,10.37 10.54,9.79
             10.54,9.79 12.47,9.79 12.47,9.79
             12.42,10.34 12.29,10.82 12.08,11.25 Z
           M 22.56,11.27
           C 22.35,11.70 22.08,12.06 21.73,12.36
             21.39,12.68 20.98,12.90 20.52,13.07
             20.05,13.23 19.54,13.31 18.99,13.31
             18.30,13.31 17.68,13.20 17.13,12.96
             16.57,12.73 16.11,12.42 15.73,12.02
             15.36,11.62 15.06,11.14 14.87,10.61
             14.66,10.07 14.55,9.48 14.55,8.85
             14.55,8.21 14.66,7.62 14.87,7.06
             15.06,6.51 15.36,6.03 15.73,5.62
             16.11,5.22 16.57,4.89 17.13,4.66
             17.68,4.42 18.30,4.32 18.99,4.32
             19.48,4.32 19.95,4.38 20.40,4.51
             20.84,4.65 21.24,4.86 21.58,5.11
             21.93,5.37 22.23,5.70 22.45,6.09
             22.68,6.46 22.82,6.92 22.88,7.41
             22.88,7.41 20.95,7.41 20.95,7.41
             20.92,7.18 20.85,6.99 20.73,6.81
             20.61,6.63 20.47,6.48 20.29,6.33
             20.12,6.19 19.90,6.09 19.70,6.01
             19.47,5.94 19.23,5.91 18.99,5.91
             18.54,5.91 18.16,5.99 17.85,6.15
             17.55,6.31 17.29,6.54 17.10,6.81
             16.90,7.09 16.75,7.41 16.66,7.75
             16.59,8.12 16.54,8.48 16.54,8.85
             16.54,9.21 16.59,9.57 16.66,9.90
             16.75,10.24 16.90,10.56 17.10,10.83
             17.29,11.10 17.55,11.33 17.85,11.49
             18.16,11.64 18.54,11.73 18.99,11.73
             19.59,11.73 20.07,11.55 20.41,11.21
             20.76,10.85 20.95,10.38 21.03,9.81
             21.03,9.81 22.95,9.81 22.95,9.81
             22.90,10.34 22.77,10.83 22.56,11.27 Z" />
</svg>
