<?xml version="1.0" encoding="UTF-8" standalone="no"?>
<!DOCTYPE svg PUBLIC "-//W3C//DTD SVG 20010904//EN"
              "http://www.w3.org/TR/2001/REC-SVG-20010904/DTD/svg10.dtd">

<svg xmlns="http://www.w3.org/2000/svg"
     width="0.266667in" height="0.266667in"
     viewBox="0 0 24 24">
  <path id="Imported Path"
        fill="none" stroke="black" stroke-width="1"
        d="M 21.36,12.00
           C 21.36,16.72 18.02,20.37 13.50,21.46
             13.50,21.46 13.50,24.00 13.50,24.00
             19.48,22.86 24.00,17.91 24.00,12.00
             24.00,6.08 19.48,1.12 13.50,0.00
             13.50,0.00 13.50,2.52 13.50,2.52
             18.02,3.61 21.36,7.26 21.36,12.00 Z
           M 10.50,23.25
           C 10.50,23.25 3.60,15.66 3.60,15.66
             3.60,15.66 0.00,15.66 0.00,15.66
             0.00,15.66 0.00,8.31 0.00,8.31
             0.00,8.31 3.58,8.31 3.58,8.31
             3.58,8.31 10.50,0.72 10.50,0.72
             10.50,0.72 10.50,23.25 10.50,23.25 Z
           M 18.00,11.99
           C 18.00,9.60 16.11,7.58 13.50,6.81
             13.50,6.81 13.50,17.16 13.50,17.16
             16.11,16.39 18.00,14.39 18.00,11.99 Z" />
</svg>
