<?xml version="1.0" encoding="UTF-8" standalone="no"?>
<!DOCTYPE svg PUBLIC "-//W3C//DTD SVG 20010904//EN"
              "http://www.w3.org/TR/2001/REC-SVG-20010904/DTD/svg10.dtd">

<svg xmlns="http://www.w3.org/2000/svg"
     width="0.188889in" height="0.211111in"
     viewBox="0 0 17 19">
  <path id="Imported Path"
        fill="none" stroke="black" stroke-width="1"
        d="M 12.73,16.73
           C 11.50,17.52 10.05,17.97 8.50,17.97
             6.95,17.97 5.50,17.52 4.27,16.73
             4.27,16.73 3.37,18.35 3.37,18.35
             3.09,18.84 2.48,19.01 2.00,18.72
             1.52,18.44 1.36,17.82 1.63,17.32
             1.63,17.32 2.68,15.46 2.71,15.43
             1.34,13.95 0.50,11.96 0.50,9.76
             0.50,8.53 0.76,7.37 1.23,6.33
             0.48,5.67 0.00,4.69 0.00,3.59
             0.00,1.61 1.57,0.00 3.50,0.00
             4.79,0.00 5.92,0.72 6.53,1.79
             7.16,1.63 7.82,1.54 8.50,1.54
             9.12,1.54 9.71,1.61 10.29,1.75
             10.90,0.70 12.02,0.00 13.29,0.00
             15.23,0.00 16.79,1.61 16.79,3.59
             16.79,4.62 16.38,5.54 15.71,6.19
             16.22,7.27 16.50,8.48 16.50,9.76
             16.50,11.96 15.66,13.95 14.29,15.43
             14.32,15.46 15.37,17.32 15.37,17.32
             15.64,17.82 15.48,18.44 15.00,18.72
             14.52,19.01 13.91,18.84 13.63,18.35
             13.63,18.35 12.73,16.73 12.73,16.73 Z
           M 7.50,5.65
           C 7.50,5.08 7.94,4.62 8.50,4.62
             9.05,4.62 9.50,5.08 9.50,5.65
             9.50,5.65 9.50,9.76 9.50,9.76
             9.50,10.32 9.06,10.78 8.50,10.78
             8.50,10.78 6.50,10.78 6.50,10.78
             5.95,10.78 5.50,10.33 5.50,9.76
             5.50,9.19 5.94,8.73 6.50,8.73
             6.50,8.73 7.50,8.73 7.50,8.73
             7.50,8.73 7.50,5.65 7.50,5.65 Z
           M 2.00,3.59
           C 2.00,2.74 2.67,2.05 3.50,2.05
             3.94,2.05 4.34,2.25 4.62,2.57
             3.74,3.07 2.96,3.75 2.32,4.54
             2.12,4.28 2.00,3.95 2.00,3.59 Z
           M 14.79,3.59
           C 14.79,2.74 14.12,2.05 13.29,2.05
             12.89,2.05 12.52,2.22 12.24,2.49
             13.13,2.98 13.92,3.63 14.57,4.40
             14.71,4.17 14.79,3.89 14.79,3.59 Z
           M 8.50,15.92
           C 5.19,15.92 2.50,13.16 2.50,9.76
             2.50,6.35 5.19,3.59 8.50,3.59
             11.81,3.59 14.50,6.35 14.50,9.76
             14.50,13.16 11.81,15.92 8.50,15.92 Z" />
</svg>
