<?xml version="1.0" encoding="UTF-8" standalone="no"?>
<!DOCTYPE svg PUBLIC "-//W3C//DTD SVG 20010904//EN"
              "http://www.w3.org/TR/2001/REC-SVG-20010904/DTD/svg10.dtd">

<svg xmlns="http://www.w3.org/2000/svg"
     width="0.244444in" height="0.288889in"
     viewBox="0 0 22 26">
  <path id="Imported Path"
        fill="none" stroke="black" stroke-width="1"
        d="M 3.67,22.45
           C 1.64,22.45 0.00,20.87 0.00,18.91
             0.00,17.61 0.73,16.45 1.84,15.84
             1.84,15.48 1.83,11.23 1.83,11.23
             1.83,7.14 4.67,3.70 8.56,2.68
             8.56,2.68 8.56,2.36 8.56,2.36
             8.56,1.06 9.65,0.00 11.00,0.00
             12.35,0.00 13.44,1.06 13.44,2.36
             13.44,2.36 13.44,2.68 13.44,2.68
             17.33,3.70 20.17,7.14 20.17,11.23
             20.17,11.23 20.17,15.85 20.17,15.85
             21.28,16.47 22.00,17.62 22.00,18.91
             22.00,20.87 20.36,22.45 18.33,22.45
             18.33,22.45 14.67,22.45 14.67,22.45
             14.66,24.41 13.02,26.00 11.00,26.00
             8.97,26.00 7.33,24.41 7.33,22.46
             7.33,22.46 3.67,22.45 3.67,22.45 Z
           M 9.78,22.45
           C 9.78,23.11 10.32,23.64 11.00,23.64
             11.67,23.64 12.22,23.11 12.22,22.45
             12.22,22.45 9.78,22.45 9.78,22.45 Z
           M 17.72,11.23
           C 17.72,11.23 17.72,16.94 17.72,16.94
             17.72,17.27 17.99,17.60 18.32,17.68
             18.32,17.68 18.64,17.76 18.64,17.76
             19.17,17.90 19.56,18.37 19.56,18.91
             19.56,19.56 19.01,20.09 18.33,20.09
             18.33,20.09 3.67,20.09 3.67,20.09
             2.99,20.09 2.44,19.56 2.44,18.91
             2.44,18.37 2.83,17.90 3.36,17.76
             3.36,17.76 3.69,17.68 3.69,17.68
             4.02,17.60 4.28,17.27 4.28,16.94
             4.28,16.94 4.28,11.23 4.28,11.23
             4.28,7.64 7.29,4.73 11.00,4.73
             14.71,4.73 17.72,7.64 17.72,11.23 Z" />
</svg>
