<?xml version="1.0" encoding="UTF-8" standalone="no"?>
<!DOCTYPE svg PUBLIC "-//W3C//DTD SVG 20010904//EN"
              "http://www.w3.org/TR/2001/REC-SVG-20010904/DTD/svg10.dtd">

<svg xmlns="http://www.w3.org/2000/svg"
     width="0.3in" height="0.222222in"
     viewBox="0 0 27 20">
  <path id="Imported Path"
        fill="none" stroke="black" stroke-width="1"
        d="M 22.21,2.87
           C 22.21,2.87 18.41,5.68 18.41,5.68
             18.41,5.68 18.41,2.50 18.41,2.50
             18.41,1.12 17.31,0.00 15.96,0.00
             15.96,0.00 2.45,0.00 2.45,0.00
             1.10,0.00 0.00,1.12 0.00,2.50
             0.00,2.50 0.00,17.50 0.00,17.50
             0.00,18.88 1.10,20.00 2.45,20.00
             2.45,20.00 15.96,20.00 15.96,20.00
             17.31,20.00 18.41,18.88 18.41,17.50
             18.41,17.50 18.41,14.32 18.41,14.32
             18.41,14.32 22.21,17.13 22.21,17.13
             22.48,17.33 22.98,17.50 23.32,17.50
             23.32,17.50 25.77,17.50 25.77,17.50
             26.46,17.50 27.00,16.94 27.00,16.25
             27.00,16.25 27.00,3.75 27.00,3.75
             27.00,3.06 26.45,2.50 25.77,2.50
             25.77,2.50 23.32,2.50 23.32,2.50
             22.97,2.50 22.48,2.66 22.21,2.87 Z
           M 2.45,17.50
           C 2.45,17.50 2.45,2.50 2.45,2.50
             2.45,2.50 15.95,2.50 15.95,2.50
             15.95,2.50 15.95,17.50 15.95,17.50
             15.95,17.50 2.45,17.50 2.45,17.50 Z
           M 4.91,13.75
           C 4.91,13.06 5.46,12.50 6.14,12.50
             6.14,12.50 12.27,12.50 12.27,12.50
             12.95,12.50 13.50,13.05 13.50,13.75
             13.50,14.44 12.95,15.00 12.27,15.00
             12.27,15.00 6.14,15.00 6.14,15.00
             5.46,15.00 4.91,14.45 4.91,13.75 Z
           M 23.51,15.00
           C 23.51,15.00 18.42,11.24 18.42,11.24
             18.42,11.24 18.42,8.76 18.42,8.76
             18.42,8.76 23.51,5.00 23.51,5.00
             23.51,5.00 24.55,5.00 24.55,5.00
             24.55,5.00 24.55,15.00 24.55,15.00
             24.55,15.00 23.51,15.00 23.51,15.00 Z" />
</svg>
