<?xml version="1.0" encoding="UTF-8" standalone="no"?>
<!DOCTYPE svg PUBLIC "-//W3C//DTD SVG 20010904//EN"
              "http://www.w3.org/TR/2001/REC-SVG-20010904/DTD/svg10.dtd">

<svg xmlns="http://www.w3.org/2000/svg"
     width="0.177778in" height="0.233333in"
     viewBox="0 0 16 21">
  <path id="Imported Path"
        fill="none" stroke="black" stroke-width="1"
        d="M 13.62,7.20
           C 15.13,8.51 16.00,10.12 16.00,12.32
             16.00,16.91 12.41,20.53 8.01,20.53
             3.61,20.53 0.00,16.91 0.00,12.32
             0.00,9.79 0.55,8.23 2.16,5.64
             2.66,4.82 3.90,5.11 3.99,6.08
             4.08,6.95 4.34,7.69 4.73,8.26
             4.47,5.19 5.80,1.74 9.09,0.11
             9.85,-0.27 10.69,0.42 10.50,1.27
             9.98,3.45 10.51,4.62 11.89,5.89
             11.93,5.92 12.10,6.04 12.33,6.21
             12.74,6.52 13.33,6.96 13.62,7.20 Z
           M 2.62,9.01
           C 2.34,9.66 2.00,10.45 2.00,12.32
             2.00,15.77 4.70,18.48 8.01,18.48
             11.32,18.48 14.00,15.77 14.00,12.32
             14.00,10.78 13.42,9.72 12.33,8.77
             12.15,8.62 11.75,8.31 11.36,8.03
             11.00,7.76 10.66,7.51 10.56,7.41
             9.23,6.20 8.42,4.91 8.31,3.18
             7.64,3.85 6.10,5.93 6.97,10.05
             7.11,10.69 6.63,11.29 5.99,11.29
             4.73,11.29 3.48,10.30 2.72,8.78
             2.69,8.86 2.65,8.93 2.62,9.01 Z" />
</svg>
