<?xml version="1.0" encoding="UTF-8" standalone="no"?>
<!DOCTYPE svg PUBLIC "-//W3C//DTD SVG 20010904//EN"
              "http://www.w3.org/TR/2001/REC-SVG-20010904/DTD/svg10.dtd">

<svg xmlns="http://www.w3.org/2000/svg"
     width="0.244444in" height="0.177778in"
     viewBox="0 0 22 16">
  <path id="Imported Path"
        fill="none" stroke="black" stroke-width="1"
        d="M 12.90,0.52
           C 12.11,0.81 11.77,0.89 11.00,0.89
             10.23,0.89 9.89,0.81 9.10,0.52
             9.10,0.52 9.03,0.50 9.03,0.50
             8.03,0.14 7.43,0.00 6.45,0.00
             4.05,0.00 1.85,2.28 0.94,5.06
             0.25,7.20 0.06,8.57 0.00,11.54
             0.06,14.49 1.34,15.99 3.66,16.00
             5.11,15.99 6.11,15.36 7.03,14.22
             7.18,14.04 7.57,13.52 7.61,13.47
             7.61,13.47 7.61,13.46 7.61,13.46
             8.56,12.23 9.54,11.57 11.00,11.56
             12.46,11.57 13.44,12.23 14.39,13.46
             14.39,13.46 14.39,13.47 14.39,13.47
             14.43,13.52 14.82,14.04 14.97,14.22
             15.89,15.36 16.88,15.99 18.33,16.00
             20.66,15.99 21.94,14.49 22.00,11.57
             21.94,8.57 21.75,7.20 21.06,5.06
             20.15,2.28 17.95,0.00 15.55,0.00
             14.57,0.00 13.97,0.14 12.97,0.50
             12.97,0.50 12.90,0.52 12.90,0.52 Z
           M 8.46,2.19
           C 9.44,2.55 10.08,2.67 11.00,2.67
             11.92,2.67 12.56,2.55 13.54,2.19
             13.54,2.19 13.61,2.17 13.61,2.17
             14.42,1.87 14.83,1.78 15.55,1.78
             16.98,1.78 18.61,3.47 19.31,5.60
             19.95,7.55 20.11,8.76 20.17,11.57
             20.13,13.56 19.57,14.21 18.33,14.22
             17.55,14.22 17.02,13.88 16.41,13.12
             16.31,13.00 16.02,12.62 15.90,12.46
             15.90,12.46 15.90,12.46 15.90,12.46
             15.90,12.46 15.90,12.46 15.90,12.46
             15.90,12.46 15.90,12.46 15.90,12.46
             15.90,12.46 15.90,12.46 15.90,12.46
             15.90,12.46 15.90,12.46 15.90,12.46
             15.90,12.46 15.85,12.40 15.85,12.40
             14.60,10.77 13.16,9.79 10.99,9.78
             8.84,9.79 7.40,10.77 6.15,12.40
             6.15,12.40 6.10,12.46 6.10,12.46
             5.98,12.62 5.69,13.00 5.59,13.12
             4.98,13.88 4.45,14.22 3.66,14.22
             2.43,14.21 1.87,13.56 1.83,11.54
             1.89,8.76 2.05,7.55 2.69,5.60
             3.39,3.47 5.02,1.78 6.45,1.78
             7.17,1.78 7.58,1.87 8.39,2.17
             8.39,2.17 8.46,2.19 8.46,2.19 Z
           M 15.58,5.78
           C 15.08,5.78 14.67,5.38 14.67,4.89
             14.67,4.40 15.08,4.00 15.58,4.00
             16.09,4.00 16.50,4.40 16.50,4.89
             16.50,5.38 16.09,5.78 15.58,5.78 Z
           M 14.67,8.44
           C 14.67,8.94 15.08,9.33 15.58,9.33
             16.09,9.33 16.50,8.94 16.50,8.44
             16.50,7.95 16.09,7.56 15.58,7.56
             15.08,7.56 14.67,7.95 14.67,8.44 Z
           M 17.42,7.56
           C 16.91,7.56 16.50,7.16 16.50,6.67
             16.50,6.18 16.91,5.78 17.42,5.78
             17.92,5.78 18.33,6.18 18.33,6.67
             18.33,7.16 17.92,7.56 17.42,7.56 Z
           M 12.83,6.67
           C 12.83,7.16 13.24,7.56 13.75,7.56
             14.26,7.56 14.67,7.16 14.67,6.67
             14.67,6.18 14.26,5.78 13.75,5.78
             13.24,5.78 12.83,6.18 12.83,6.67 Z
           M 6.42,9.33
           C 4.90,9.33 3.67,8.14 3.67,6.67
             3.67,5.19 4.90,4.00 6.42,4.00
             7.94,4.00 9.17,5.19 9.17,6.67
             9.17,8.14 7.94,9.33 6.42,9.33 Z
           M 7.33,6.67
           C 7.33,7.16 6.92,7.56 6.42,7.56
             5.91,7.56 5.50,7.16 5.50,6.67
             5.50,6.18 5.91,5.78 6.42,5.78
             6.92,5.78 7.33,6.18 7.33,6.67 Z" />
</svg>
