<?xml version="1.0" encoding="UTF-8" standalone="no"?>
<!DOCTYPE svg PUBLIC "-//W3C//DTD SVG 20010904//EN"
              "http://www.w3.org/TR/2001/REC-SVG-20010904/DTD/svg10.dtd">

<svg xmlns="http://www.w3.org/2000/svg"
     width="0.2in" height="0.188889in"
     viewBox="0 0 18 17">
  <path id="Imported Path"
        fill="none" stroke="black" stroke-width="1"
        d="M 12.60,0.00
           C 11.22,0.00 9.96,0.53 9.00,1.40
             8.04,0.53 6.78,0.00 5.40,0.00
             2.42,0.00 0.00,2.47 0.00,5.51
             0.00,9.96 4.48,14.25 8.62,16.76
             8.83,16.89 9.17,16.89 9.38,16.76
             13.49,14.24 18.00,9.96 18.00,5.51
             18.00,2.47 15.58,0.00 12.60,0.00 Z
           M 9.01,14.83
           C 4.55,11.85 1.80,8.38 1.80,5.51
             1.80,3.48 3.41,1.84 5.40,1.84
             6.30,1.84 7.14,2.17 7.80,2.77
             7.80,2.77 8.67,3.56 8.67,3.56
             8.85,3.74 9.15,3.73 9.33,3.56
             9.33,3.56 10.20,2.77 10.20,2.77
             10.86,2.17 11.70,1.84 12.60,1.84
             14.59,1.84 16.20,3.48 16.20,5.51
             16.20,8.46 13.46,11.85 9.01,14.83 Z" />
</svg>
