<?xml version="1.0" encoding="UTF-8" standalone="no"?>
<!DOCTYPE svg PUBLIC "-//W3C//DTD SVG 20010904//EN"
              "http://www.w3.org/TR/2001/REC-SVG-20010904/DTD/svg10.dtd">

<svg xmlns="http://www.w3.org/2000/svg"
     width="0.222222in" height="0.2in"
     viewBox="0 0 20 18">
  <path id="Imported Path"
        fill="none" stroke="black" stroke-width="1"
        d="M 6.36,0.00
           C 4.86,0.00 3.64,1.21 3.64,2.70
             3.64,2.70 3.64,12.60 3.64,12.60
             3.64,12.60 0.91,12.60 0.91,12.60
             0.41,12.60 0.00,13.00 0.00,13.50
             0.00,13.50 0.00,15.30 0.00,15.30
             0.00,16.79 1.22,18.00 2.73,18.00
             2.73,18.00 13.64,18.00 13.64,18.00
             15.14,18.00 16.36,16.79 16.36,15.30
             16.36,15.30 16.36,5.40 16.36,5.40
             16.36,5.40 19.09,5.40 19.09,5.40
             19.60,5.40 20.00,5.00 20.00,4.50
             20.00,4.50 20.00,2.70 20.00,2.70
             20.00,1.21 18.78,0.00 17.27,0.00
             17.27,0.00 6.36,0.00 6.36,0.00 Z
           M 5.30,16.20
           C 5.40,15.92 5.45,15.62 5.45,15.30
             5.45,15.30 5.45,2.70 5.45,2.70
             5.45,2.20 5.86,1.80 6.36,1.80
             6.86,1.80 7.27,2.20 7.27,2.70
             7.27,2.70 7.27,4.50 7.27,4.50
             7.27,5.00 7.68,5.40 8.18,5.40
             8.18,5.40 14.55,5.40 14.55,5.40
             14.55,5.40 14.55,15.30 14.55,15.30
             14.55,15.80 14.14,16.20 13.64,16.20
             13.64,16.20 5.30,16.20 5.30,16.20 Z
           M 1.82,14.40
           C 1.82,14.40 1.82,15.30 1.82,15.30
             1.82,15.80 2.23,16.20 2.73,16.20
             3.23,16.20 3.64,15.80 3.64,15.30
             3.64,15.30 3.64,14.40 3.64,14.40
             3.64,14.40 1.82,14.40 1.82,14.40 Z
           M 9.09,3.60
           C 9.09,3.60 9.09,2.70 9.09,2.70
             9.09,2.38 9.04,2.08 8.94,1.80
             8.94,1.80 17.27,1.80 17.27,1.80
             17.77,1.80 18.18,2.20 18.18,2.70
             18.18,2.70 18.18,3.60 18.18,3.60
             18.18,3.60 9.09,3.60 9.09,3.60 Z" />
</svg>
