<?xml version="1.0" encoding="UTF-8" standalone="no"?>
<!DOCTYPE svg PUBLIC "-//W3C//DTD SVG 20010904//EN"
              "http://www.w3.org/TR/2001/REC-SVG-20010904/DTD/svg10.dtd">

<svg xmlns="http://www.w3.org/2000/svg"
     width="0.222222in" height="0.211111in"
     viewBox="0 0 20 19">
  <path id="Imported Path"
        fill="none" stroke="black" stroke-width="1"
        d="M 1.55,10.59
           C 1.20,10.95 0.62,10.95 0.27,10.59
             -0.09,10.24 -0.09,9.67 0.27,9.31
             0.27,9.31 9.36,0.26 9.36,0.26
             9.71,-0.09 10.29,-0.09 10.64,0.26
             10.64,0.26 19.73,9.31 19.73,9.31
             20.09,9.67 20.09,10.24 19.73,10.59
             19.38,10.95 18.80,10.95 18.45,10.59
             18.45,10.59 18.18,10.33 18.18,10.33
             18.18,10.33 18.18,17.19 18.18,17.19
             18.18,18.19 17.37,19.00 16.36,19.00
             16.36,19.00 3.64,19.00 3.64,19.00
             2.63,19.00 1.82,18.19 1.82,17.19
             1.82,17.19 1.82,10.33 1.82,10.33
             1.82,10.33 1.55,10.59 1.55,10.59 Z
           M 3.64,17.19
           C 3.64,17.19 6.36,17.19 6.36,17.19
             6.36,17.19 6.36,11.76 6.36,11.76
             6.36,11.26 6.77,10.86 7.27,10.86
             7.27,10.86 12.73,10.86 12.73,10.86
             13.23,10.86 13.64,11.26 13.64,11.76
             13.64,11.76 13.64,17.19 13.64,17.19
             13.64,17.19 16.36,17.19 16.36,17.19
             16.36,17.19 16.36,8.52 16.36,8.52
             16.36,8.52 10.00,2.19 10.00,2.19
             10.00,2.19 3.64,8.52 3.64,8.52
             3.64,10.23 3.64,17.19 3.64,17.19 Z
           M 11.82,12.67
           C 11.82,12.67 11.82,17.19 11.82,17.19
             11.82,17.19 8.18,17.19 8.18,17.19
             8.18,17.19 8.18,12.67 8.18,12.67
             8.18,12.67 11.82,12.67 11.82,12.67 Z" />
</svg>
