<?xml version="1.0" encoding="UTF-8" standalone="no"?>
<!DOCTYPE svg PUBLIC "-//W3C//DTD SVG 20010904//EN"
              "http://www.w3.org/TR/2001/REC-SVG-20010904/DTD/svg10.dtd">

<svg xmlns="http://www.w3.org/2000/svg"
     width="0.311111in" height="0.311111in"
     viewBox="0 0 28 28">
  <path id="Imported Path"
        fill="none" stroke="black" stroke-width="1"
        d="M 16.00,8.67
           C 16.00,8.67 16.54,9.21 16.54,9.21
             16.71,9.39 16.80,9.61 16.80,9.86
             16.80,10.11 16.71,10.33 16.54,10.51
             16.54,10.51 13.07,14.00 13.07,14.00
             13.07,14.00 16.54,17.49 16.54,17.49
             16.71,17.67 16.80,17.89 16.80,18.14
             16.80,18.39 16.71,18.61 16.54,18.79
             16.54,18.79 16.00,19.33 16.00,19.33
             15.82,19.51 15.60,19.60 15.35,19.60
             15.10,19.60 14.88,19.51 14.71,19.33
             14.71,19.33 10.07,14.65 10.07,14.65
             9.89,14.47 9.80,14.26 9.80,14.00
             9.80,13.75 9.89,13.53 10.07,13.35
             10.07,13.35 14.71,8.67 14.71,8.67
             14.89,8.49 15.10,8.40 15.35,8.40
             15.60,8.40 15.82,8.49 16.00,8.67 Z
           M 14.00,28.00
           C 21.73,28.00 28.00,21.73 28.00,14.00
             28.00,6.27 21.73,0.00 14.00,0.00
             6.27,0.00 0.00,6.27 0.00,14.00
             0.00,21.73 6.27,28.00 14.00,28.00 Z" />
</svg>
