<?xml version="1.0" encoding="UTF-8" standalone="no"?>
<!DOCTYPE svg PUBLIC "-//W3C//DTD SVG 20010904//EN"
              "http://www.w3.org/TR/2001/REC-SVG-20010904/DTD/svg10.dtd">

<svg xmlns="http://www.w3.org/2000/svg"
     width="0.2in" height="0.2in"
     viewBox="0 0 18 18">
  <path id="Imported Path"
        fill="none" stroke="black" stroke-width="1"
        d="M 3.91,1.00
           C 3.91,0.45 4.35,0.00 4.90,0.00
             4.90,0.00 12.91,0.00 12.91,0.00
             13.46,0.00 13.91,0.44 13.91,1.00
             13.91,1.55 13.46,2.00 12.91,2.00
             12.91,2.00 4.90,2.00 4.90,2.00
             4.35,2.00 3.91,1.56 3.91,1.00 Z
           M 0.01,8.09
           C 0.01,8.09 0.81,16.10 0.81,16.10
             0.92,17.17 1.84,18.00 2.90,18.00
             2.90,18.00 14.91,18.00 14.91,18.00
             15.97,18.00 16.89,17.16 17.00,16.10
             17.00,16.10 17.80,8.09 17.80,8.09
             17.92,6.95 17.05,6.00 15.90,6.00
             15.90,6.00 1.91,6.00 1.91,6.00
             0.76,6.00 -0.10,6.96 0.01,8.09 Z
           M 2.01,8.00
           C 2.01,8.00 15.80,8.01 15.80,8.01
             15.80,8.01 14.91,16.00 14.91,16.00
             14.91,16.00 2.91,16.00 2.91,16.00
             2.91,16.00 2.01,8.00 2.01,8.00 Z
           M 2.90,3.00
           C 2.36,3.00 1.91,3.45 1.91,4.00
             1.91,4.56 2.35,5.00 2.90,5.00
             2.90,5.00 14.91,5.00 14.91,5.00
             15.46,5.00 15.91,4.55 15.91,4.00
             15.91,3.44 15.46,3.00 14.91,3.00
             14.91,3.00 2.90,3.00 2.90,3.00 Z" />
</svg>
