<?xml version="1.0" encoding="UTF-8" standalone="no"?>
<!DOCTYPE svg PUBLIC "-//W3C//DTD SVG 20010904//EN"
              "http://www.w3.org/TR/2001/REC-SVG-20010904/DTD/svg10.dtd">

<svg xmlns="http://www.w3.org/2000/svg"
     width="0.222222in" height="0.188889in"
     viewBox="0 0 20 17">
  <path id="Imported Path"
        fill="none" stroke="black" stroke-width="1"
        d="M 18.64,3.00
           C 18.64,3.00 1.36,3.00 1.36,3.00
             0.61,3.00 0.00,2.33 0.00,1.50
             0.00,0.67 0.61,0.00 1.36,0.00
             1.36,0.00 18.64,0.00 18.64,0.00
             19.39,0.00 20.00,0.67 20.00,1.50
             20.00,2.33 19.39,3.00 18.64,3.00 Z
           M 1.36,7.00
           C 1.36,7.00 18.64,7.00 18.64,7.00
             19.39,7.00 20.00,7.67 20.00,8.50
             20.00,9.33 19.39,10.00 18.64,10.00
             18.64,10.00 1.36,10.00 1.36,10.00
             0.61,10.00 0.00,9.33 0.00,8.50
             0.00,7.67 0.61,7.00 1.36,7.00 Z
           M 18.64,14.00
           C 18.64,14.00 1.36,14.00 1.36,14.00
             0.61,14.00 0.00,14.67 0.00,15.50
             0.00,16.33 0.61,17.00 1.36,17.00
             1.36,17.00 18.64,17.00 18.64,17.00
             19.39,17.00 20.00,16.33 20.00,15.50
             20.00,14.67 19.39,14.00 18.64,14.00 Z" />
</svg>
