<?xml version="1.0" encoding="UTF-8" standalone="no"?>
<!DOCTYPE svg PUBLIC "-//W3C//DTD SVG 20010904//EN"
              "http://www.w3.org/TR/2001/REC-SVG-20010904/DTD/svg10.dtd">

<svg xmlns="http://www.w3.org/2000/svg"
     width="0.155556in" height="0.0888889in"
     viewBox="0 0 14 8">
  <path id="Imported Path"
        fill="none" stroke="black" stroke-width="1"
        d="M 6.67,5.26
           C 6.67,5.26 11.62,0.31 11.62,0.31
             11.87,0.05 12.24,-0.06 12.59,0.03
             12.94,0.12 13.21,0.40 13.31,0.75
             13.40,1.10 13.29,1.47 13.03,1.72
             13.03,1.72 7.38,7.38 7.38,7.38
             6.99,7.77 6.35,7.77 5.96,7.38
             5.96,7.38 0.31,1.72 0.31,1.72
             0.05,1.47 -0.06,1.10 0.03,0.75
             0.12,0.40 0.40,0.12 0.75,0.03
             1.10,-0.06 1.47,0.05 1.72,0.31
             1.72,0.31 6.67,5.26 6.67,5.26 Z" />
</svg>
