<?xml version="1.0" encoding="UTF-8" standalone="no"?>
<!DOCTYPE svg PUBLIC "-//W3C//DTD SVG 20010904//EN"
              "http://www.w3.org/TR/2001/REC-SVG-20010904/DTD/svg10.dtd">

<svg xmlns="http://www.w3.org/2000/svg"
     width="0.2in" height="0.222222in"
     viewBox="0 0 18 20">
  <path id="Imported Path"
        fill="none" stroke="black" stroke-width="1"
        d="M 14.85,17.27
           C 16.59,17.27 18.00,15.85 18.00,14.09
             18.00,14.09 18.00,0.93 18.00,0.93
             18.00,0.85 17.99,0.78 17.98,0.70
             17.86,0.21 17.38,-0.09 16.89,0.02
             16.89,0.02 5.23,2.79 5.23,2.79
             4.83,2.89 4.55,3.24 4.50,3.64
             4.50,3.64 4.50,13.94 4.50,13.94
             4.09,13.75 3.63,13.64 3.15,13.64
             1.41,13.64 0.00,15.06 0.00,16.82
             0.00,18.58 1.41,20.00 3.15,20.00
             4.89,20.00 6.30,18.58 6.30,16.82
             6.30,16.82 6.30,8.04 6.30,8.04
             6.30,8.04 16.20,5.69 16.20,5.69
             16.20,5.69 16.20,11.22 16.20,11.22
             15.79,11.02 15.33,10.91 14.85,10.91
             13.11,10.91 11.70,12.33 11.70,14.09
             11.70,15.85 13.11,17.27 14.85,17.27 Z
           M 6.30,6.17
           C 6.30,6.17 6.30,4.40 6.30,4.40
             6.30,4.40 16.20,2.06 16.20,2.06
             16.20,2.06 16.20,3.83 16.20,3.83
             16.20,3.83 6.30,6.17 6.30,6.17 Z
           M 16.20,14.09
           C 16.20,13.34 15.60,12.73 14.85,12.73
             14.10,12.73 13.50,13.34 13.50,14.09
             13.50,14.84 14.10,15.45 14.85,15.45
             15.60,15.45 16.20,14.84 16.20,14.09 Z
           M 3.15,15.45
           C 3.90,15.45 4.50,16.07 4.50,16.82
             4.50,17.57 3.90,18.18 3.15,18.18
             2.40,18.18 1.80,17.57 1.80,16.82
             1.80,16.07 2.40,15.45 3.15,15.45 Z" />
</svg>
