<?xml version="1.0" encoding="UTF-8" standalone="no"?>
<!DOCTYPE svg PUBLIC "-//W3C//DTD SVG 20010904//EN"
              "http://www.w3.org/TR/2001/REC-SVG-20010904/DTD/svg10.dtd">

<svg xmlns="http://www.w3.org/2000/svg"
     width="0.222222in" height="0.177778in"
     viewBox="0 0 20 16">
  <path id="Imported Path"
        fill="none" stroke="black" stroke-width="1"
        d="M 1.81,0.00
           C 0.82,0.00 0.00,0.79 0.00,1.77
             0.00,1.77 0.00,14.23 0.00,14.23
             0.00,15.21 0.81,16.00 1.82,16.00
             1.82,16.00 18.18,16.00 18.18,16.00
             19.18,16.00 20.00,15.20 20.00,14.22
             20.00,14.22 20.00,4.44 20.00,4.44
             20.00,3.46 19.18,2.67 18.18,2.67
             18.18,2.67 10.00,2.67 10.00,2.67
             10.00,2.67 8.72,0.74 8.72,0.74
             8.44,0.33 7.81,0.00 7.31,0.00
             7.31,0.00 1.81,0.00 1.81,0.00 Z
           M 18.18,14.22
           C 18.18,14.22 1.82,14.23 1.82,14.23
             1.82,14.23 1.81,1.78 1.81,1.78
             1.81,1.78 7.27,1.78 7.27,1.78
             7.27,1.78 8.48,3.64 8.48,3.64
             8.82,4.14 9.39,4.44 10.00,4.44
             10.00,4.44 18.18,4.44 18.18,4.44
             18.18,4.44 18.18,14.22 18.18,14.22 Z" />
</svg>
