<?xml version="1.0" encoding="UTF-8" standalone="no"?>
<!DOCTYPE svg PUBLIC "-//W3C//DTD SVG 20010904//EN"
              "http://www.w3.org/TR/2001/REC-SVG-20010904/DTD/svg10.dtd">

<svg xmlns="http://www.w3.org/2000/svg"
     width="0.311111in" height="0.311111in"
     viewBox="0 0 28 28">
  <path id="Imported Path"
        fill="none" stroke="black" stroke-width="1"
        d="M 12.00,8.67
           C 12.00,8.67 11.46,9.21 11.46,9.21
             11.29,9.39 11.20,9.61 11.20,9.86
             11.20,10.11 11.29,10.33 11.46,10.51
             11.46,10.51 14.93,14.00 14.93,14.00
             14.93,14.00 11.46,17.49 11.46,17.49
             11.29,17.67 11.20,17.89 11.20,18.14
             11.20,18.39 11.29,18.61 11.46,18.79
             11.46,18.79 12.00,19.33 12.00,19.33
             12.18,19.51 12.40,19.60 12.65,19.60
             12.90,19.60 13.12,19.51 13.29,19.33
             13.29,19.33 17.93,14.65 17.93,14.65
             18.11,14.47 18.20,14.26 18.20,14.00
             18.20,13.75 18.11,13.53 17.93,13.35
             17.93,13.35 13.29,8.67 13.29,8.67
             13.11,8.49 12.90,8.40 12.65,8.40
             12.40,8.40 12.18,8.49 12.00,8.67 Z
           M 14.00,28.00
           C 21.73,28.00 28.00,21.73 28.00,14.00
             28.00,6.27 21.73,0.00 14.00,0.00
             6.27,0.00 0.00,6.27 0.00,14.00
             0.00,21.73 6.27,28.00 14.00,28.00 Z" />
</svg>
