<?xml version="1.0" encoding="UTF-8" standalone="no"?>
<!DOCTYPE svg PUBLIC "-//W3C//DTD SVG 20010904//EN"
              "http://www.w3.org/TR/2001/REC-SVG-20010904/DTD/svg10.dtd">

<svg xmlns="http://www.w3.org/2000/svg"
     width="0.211111in" height="0.211111in"
     viewBox="0 0 19 19">
  <path id="Imported Path"
        fill="none" stroke="black" stroke-width="1"
        d="M 17.90,16.49
           C 17.90,16.49 14.32,12.91 14.32,12.91
             14.32,12.91 14.32,12.91 14.32,12.91
             16.91,9.57 16.46,4.79 13.29,2.00
             10.12,-0.79 5.33,-0.64 2.34,2.34
             -0.64,5.33 -0.79,10.12 2.00,13.29
             4.79,16.46 9.57,16.91 12.91,14.32
             12.91,14.32 16.49,17.90 16.49,17.90
             16.74,18.16 17.11,18.26 17.46,18.17
             17.81,18.08 18.08,17.81 18.17,17.46
             18.26,17.11 18.16,16.74 17.90,16.49 Z
           M 13.20,11.00
           C 12.12,12.86 10.14,14.00 8.00,14.00
             4.69,14.00 2.00,11.31 2.00,8.00
             2.00,4.69 4.69,2.00 8.00,2.00
             10.14,2.00 12.12,3.14 13.20,5.00
             14.27,6.86 14.27,9.14 13.20,11.00 Z" />
</svg>
