<?xml version="1.0" encoding="UTF-8" standalone="no"?>
<!DOCTYPE svg PUBLIC "-//W3C//DTD SVG 20010904//EN"
              "http://www.w3.org/TR/2001/REC-SVG-20010904/DTD/svg10.dtd">

<svg xmlns="http://www.w3.org/2000/svg"
     width="0.211111in" height="0.222222in"
     viewBox="0 0 19 20">
  <path id="Imported Path"
        fill="none" stroke="black" stroke-width="1"
        d="M 13.47,3.73
           C 13.47,3.73 12.73,3.30 12.73,3.30
             12.73,3.30 11.95,1.19 11.88,1.04
             11.64,0.45 10.96,0.00 10.28,0.00
             10.28,0.00 8.42,0.00 8.42,0.00
             7.75,0.00 7.07,0.45 6.81,1.07
             6.75,1.19 5.99,3.30 5.99,3.30
             5.99,3.30 5.25,3.73 5.25,3.73
             5.25,3.73 3.02,3.34 2.86,3.33
             2.22,3.24 1.50,3.61 1.16,4.19
             1.16,4.19 0.23,5.81 0.23,5.81
             -0.11,6.39 -0.06,7.20 0.34,7.74
             0.42,7.84 1.86,9.57 1.86,9.57
             1.86,9.57 1.85,9.86 1.85,10.00
             1.85,10.30 1.86,10.43 1.86,10.43
             1.86,10.43 0.42,12.16 0.33,12.29
             -0.06,12.80 -0.11,13.61 0.23,14.19
             0.23,14.19 1.16,15.81 1.16,15.81
             1.49,16.39 2.22,16.75 2.89,16.67
             3.02,16.66 5.23,16.27 5.23,16.27
             5.23,16.27 5.98,16.69 5.98,16.69
             5.98,16.69 6.75,18.81 6.82,18.96
             7.07,19.55 7.74,20.00 8.42,20.00
             8.42,20.00 10.28,20.00 10.28,20.00
             10.96,20.00 11.63,19.55 11.90,18.93
             11.95,18.81 12.73,16.70 12.73,16.70
             12.73,16.70 13.46,16.27 13.46,16.27
             13.46,16.27 15.83,16.67 15.84,16.67
             16.48,16.76 17.21,16.39 17.55,15.81
             17.55,15.81 18.48,14.19 18.48,14.19
             18.82,13.61 18.77,12.80 18.36,12.26
             18.28,12.16 16.84,10.44 16.84,10.44
             16.84,10.44 16.85,10.15 16.85,10.00
             16.85,9.70 16.84,9.57 16.84,9.57
             16.84,9.57 18.28,7.84 18.38,7.71
             18.77,7.20 18.82,6.39 18.48,5.81
             18.48,5.81 17.55,4.19 17.55,4.19
             17.21,3.61 16.49,3.25 15.82,3.33
             15.69,3.34 13.47,3.73 13.47,3.73 Z
           M 10.94,4.31
           C 10.94,4.31 11.08,4.75 11.08,4.75
             11.08,4.75 11.51,4.94 11.51,4.94
             11.92,5.11 12.30,5.34 12.65,5.60
             12.65,5.60 13.03,5.88 13.03,5.88
             13.03,5.88 13.49,5.78 13.49,5.78
             14.15,5.62 15.71,5.36 15.86,5.34
             15.95,5.33 16.70,6.62 16.64,6.69
             16.55,6.81 15.55,8.03 15.08,8.53
             15.08,8.53 14.76,8.87 14.76,8.87
             14.76,8.87 14.81,9.34 14.81,9.34
             14.84,9.56 14.85,9.78 14.85,10.00
             14.85,10.22 14.84,10.44 14.81,10.66
             14.81,10.66 14.76,11.13 14.76,11.13
             14.76,11.13 15.08,11.47 15.08,11.47
             15.55,11.97 16.55,13.19 16.64,13.31
             16.70,13.38 15.91,14.67 15.86,14.66
             15.71,14.64 14.15,14.38 13.49,14.22
             13.49,14.22 13.03,14.12 13.03,14.12
             13.03,14.12 12.65,14.40 12.65,14.40
             12.30,14.66 11.92,14.89 11.51,15.06
             11.51,15.06 11.08,15.25 11.08,15.25
             11.08,15.25 10.94,15.70 10.94,15.70
             10.75,16.35 10.19,17.83 10.13,17.97
             10.10,18.05 8.60,18.05 8.57,17.97
             8.51,17.83 7.96,16.35 7.76,15.70
             7.76,15.70 7.63,15.25 7.63,15.25
             7.63,15.25 7.20,15.06 7.20,15.06
             6.79,14.89 6.40,14.66 6.05,14.40
             6.05,14.40 5.67,14.12 5.67,14.12
             5.67,14.12 5.22,14.22 5.22,14.22
             4.55,14.38 2.99,14.64 2.84,14.66
             2.76,14.67 2.01,13.38 2.06,13.31
             2.15,13.19 3.16,11.97 3.63,11.47
             3.63,11.47 3.95,11.13 3.95,11.13
             3.95,11.13 3.89,10.66 3.89,10.66
             3.87,10.44 3.85,10.22 3.85,10.00
             3.85,9.78 3.87,9.56 3.89,9.34
             3.89,9.34 3.95,8.87 3.95,8.87
             3.95,8.87 3.63,8.53 3.63,8.53
             3.16,8.03 2.15,6.81 2.06,6.69
             2.01,6.62 2.76,5.33 2.84,5.34
             2.99,5.36 4.55,5.62 5.22,5.78
             5.22,5.78 5.67,5.88 5.67,5.88
             5.67,5.88 6.05,5.60 6.05,5.60
             6.40,5.34 6.79,5.11 7.20,4.94
             7.20,4.94 7.63,4.75 7.63,4.75
             7.63,4.75 7.76,4.30 7.76,4.30
             7.96,3.65 8.51,2.17 8.57,2.03
             8.60,1.95 10.10,1.95 10.13,2.03
             10.19,2.17 10.75,3.65 10.94,4.31 Z
           M 9.35,13.00
           C 7.70,13.00 6.35,11.66 6.35,10.00
             6.35,8.34 7.70,7.00 9.35,7.00
             11.01,7.00 12.35,8.34 12.35,10.00
             12.35,11.66 11.01,13.00 9.35,13.00 Z
           M 10.35,10.00
           C 10.35,10.55 9.90,11.00 9.35,11.00
             8.80,11.00 8.35,10.55 8.35,10.00
             8.35,9.45 8.80,9.00 9.35,9.00
             9.90,9.00 10.35,9.45 10.35,10.00 Z" />
</svg>
