<?xml version="1.0" encoding="UTF-8" standalone="no"?>
<!DOCTYPE svg PUBLIC "-//W3C//DTD SVG 20010904//EN"
              "http://www.w3.org/TR/2001/REC-SVG-20010904/DTD/svg10.dtd">

<svg xmlns="http://www.w3.org/2000/svg"
     width="0.211111in" height="0.2in"
     viewBox="0 0 19 18">
  <path id="Imported Path"
        fill="none" stroke="black" stroke-width="1"
        d="M 15.59,16.18
           C 15.80,17.43 14.71,18.22 13.58,17.63
             13.58,17.63 9.33,15.43 9.37,15.41
             9.37,15.41 5.12,17.63 5.12,17.63
             3.98,18.22 2.89,17.43 3.11,16.18
             3.11,16.18 3.90,11.47 3.93,11.50
             3.93,11.50 0.49,8.16 0.49,8.16
             -0.42,7.27 -0.00,5.99 1.26,5.81
             1.26,5.81 6.00,5.10 5.98,5.15
             5.98,5.15 8.11,0.86 8.11,0.86
             8.67,-0.29 10.02,-0.29 10.59,0.86
             10.59,0.86 12.73,5.13 12.68,5.12
             12.68,5.12 17.44,5.81 17.44,5.81
             18.70,5.99 19.12,7.27 18.20,8.16
             18.20,8.16 14.78,11.51 14.78,11.46
             14.78,11.46 15.59,16.18 15.59,16.18 Z
           M 5.10,15.56
           C 5.10,15.56 8.51,13.77 8.51,13.77
             9.00,13.51 9.69,13.51 10.19,13.77
             10.19,13.77 13.61,15.56 13.61,15.56
             13.61,15.56 12.95,11.78 12.95,11.78
             12.85,11.22 13.07,10.57 13.47,10.18
             13.47,10.18 16.22,7.51 16.22,7.51
             16.22,7.51 12.42,6.95 12.42,6.95
             11.86,6.87 11.30,6.47 11.05,5.96
             11.05,5.96 9.35,2.53 9.35,2.53
             9.35,2.53 7.64,5.96 7.64,5.96
             7.39,6.47 6.84,6.87 6.28,6.95
             6.28,6.95 2.47,7.50 2.47,7.50
             2.47,7.50 5.23,10.18 5.23,10.18
             5.63,10.57 5.84,11.22 5.75,11.78
             5.75,11.78 5.10,15.56 5.10,15.56 Z" />
</svg>
