<?xml version="1.0" encoding="UTF-8" standalone="no"?>
<!DOCTYPE svg PUBLIC "-//W3C//DTD SVG 20010904//EN"
              "http://www.w3.org/TR/2001/REC-SVG-20010904/DTD/svg10.dtd">

<svg xmlns="http://www.w3.org/2000/svg"
     width="1.28889in" height="0.277778in"
     viewBox="0 0 116 25">
  <path id="Imported Path"
        fill="none" stroke="black" stroke-width="1"
        d="M 96.72,22.75
           C 96.72,22.75 96.72,22.75 96.72,22.75
             96.81,22.43 96.89,22.11 96.99,21.73
             97.06,21.83 97.12,21.91 97.17,21.98
             97.17,21.98 97.17,21.98 97.17,21.98
             97.24,22.07 97.29,22.15 97.34,22.22
             98.90,24.24 102.05,23.88 103.01,21.55
             103.30,20.84 103.54,20.07 103.57,19.31
             103.66,16.84 103.70,14.38 103.65,11.91
             103.63,10.95 103.43,9.96 103.12,9.04
             102.65,7.56 101.32,6.89 99.76,7.19
             98.78,7.39 98.02,7.91 97.43,8.70
             97.40,8.75 97.36,8.79 97.31,8.85
             97.31,8.85 97.31,8.85 97.31,8.85
             97.25,8.91 97.18,9.00 97.08,9.12
             97.08,9.12 97.08,0.87 97.08,0.87
             97.08,0.87 93.65,0.87 93.65,0.87
             93.65,0.87 93.65,23.24 93.65,23.24
             93.65,23.24 96.59,23.24 96.59,23.24
             96.64,23.08 96.68,22.91 96.72,22.75 Z
           M 97.16,19.66
           C 97.16,19.66 97.16,15.57 97.16,15.57
             97.16,15.57 97.16,11.48 97.16,11.48
             97.16,10.79 97.49,10.27 98.04,9.90
             98.77,9.43 99.51,9.67 99.78,10.49
             99.92,10.94 100.04,11.43 100.04,11.89
             100.02,14.40 99.96,16.90 99.90,19.40
             99.89,19.66 99.78,19.93 99.66,20.18
             99.39,20.79 98.85,21.04 98.19,20.89
             97.52,20.74 97.16,20.33 97.16,19.66 Z
           M 87.83,7.50
           C 87.83,7.50 91.42,7.50 91.42,7.50
             91.42,7.50 91.42,23.25 91.42,23.25
             91.42,23.25 88.62,23.25 88.62,23.25
             88.52,22.71 88.43,22.16 88.33,21.52
             88.33,21.52 88.33,21.52 88.33,21.52
             88.33,21.52 88.29,21.33 88.29,21.33
             88.17,21.51 88.08,21.64 88.00,21.77
             88.00,21.77 88.00,21.77 88.00,21.77
             88.00,21.77 88.00,21.77 88.00,21.77
             88.00,21.77 88.00,21.77 88.00,21.77
             87.95,21.83 87.91,21.89 87.87,21.96
             86.94,23.28 85.61,23.74 84.05,23.50
             82.72,23.28 81.92,22.27 81.74,20.61
             81.69,20.11 81.66,19.61 81.66,19.11
             81.65,16.66 81.66,14.19 81.66,11.73
             81.66,11.73 81.66,11.73 81.66,11.73
             81.66,11.73 81.66,11.73 81.66,11.73
             81.66,11.73 81.66,11.73 81.66,11.73
             81.66,11.73 81.66,11.73 81.66,11.73
             81.66,11.73 81.66,11.73 81.66,11.73
             81.66,11.73 81.66,11.73 81.66,11.73
             81.66,11.73 81.66,11.72 81.66,11.72
             81.66,10.50 81.66,9.27 81.66,8.05
             81.66,8.05 81.66,7.49 81.66,7.49
             81.66,7.49 85.30,7.49 85.30,7.49
             85.30,7.49 85.30,8.14 85.30,8.14
             85.30,9.03 85.30,9.92 85.30,10.81
             85.29,13.48 85.29,16.14 85.31,18.81
             85.31,19.32 85.36,19.85 85.45,20.35
             85.55,20.87 85.94,21.06 86.45,21.02
             87.28,20.96 87.86,20.35 87.86,19.54
             87.86,19.54 87.86,8.20 87.86,8.20
             87.83,7.97 87.83,7.76 87.83,7.50 Z
           M 66.69,7.49
           C 66.69,7.49 63.08,7.49 63.08,7.49
             63.08,7.49 63.07,7.92 63.07,7.92
             63.07,11.74 63.07,15.59 63.09,19.42
             63.09,19.89 63.13,20.36 63.20,20.84
             63.44,22.37 64.22,23.30 65.50,23.49
             67.10,23.73 68.41,23.24 69.34,21.89
             69.44,21.73 69.55,21.57 69.72,21.31
             69.79,21.66 69.84,21.98 69.89,22.28
             69.89,22.28 69.89,22.28 69.89,22.28
             69.95,22.62 70.01,22.94 70.06,23.25
             70.06,23.25 72.85,23.25 72.85,23.25
             72.85,23.25 72.85,7.52 72.85,7.52
             72.85,7.52 69.26,7.52 69.26,7.52
             69.26,7.52 69.26,8.22 69.26,8.22
             69.26,8.22 69.26,19.50 69.26,19.50
             69.25,20.32 68.76,20.88 67.94,21.00
             67.34,21.07 67.00,20.88 66.86,20.30
             66.75,19.80 66.70,19.28 66.70,18.77
             66.69,16.12 66.69,13.47 66.69,10.82
             66.69,9.93 66.69,9.05 66.69,8.16
             66.69,8.16 66.69,7.49 66.69,7.49 Z
           M 61.23,15.90
           C 61.22,16.33 61.19,16.75 61.17,17.17
             61.16,17.28 61.16,17.39 61.15,17.49
             61.14,17.63 61.13,17.77 61.11,17.92
             60.99,19.47 60.83,21.44 59.64,22.50
             58.81,23.24 57.76,23.50 56.67,23.54
             56.19,23.55 55.70,23.55 55.21,23.48
             52.92,23.14 51.86,22.14 51.47,19.66
             51.04,16.80 51.00,13.88 51.52,11.02
             52.06,8.05 53.91,7.00 56.80,7.20
             59.49,7.39 60.69,9.13 61.01,11.60
             61.18,13.02 61.26,14.46 61.23,15.90 Z
           M 57.57,14.49
           C 57.57,14.78 57.57,15.07 57.57,15.36
             57.57,16.29 57.53,17.23 57.49,18.16
             57.49,18.16 57.49,18.16 57.49,18.16
             57.49,18.16 57.49,18.16 57.49,18.16
             57.49,18.16 57.49,18.16 57.49,18.16
             57.49,18.16 57.49,18.16 57.49,18.16
             57.48,18.59 57.46,19.01 57.45,19.44
             57.45,19.78 57.33,20.13 57.19,20.45
             57.02,20.86 56.71,21.09 56.23,21.09
             55.75,21.09 55.38,20.85 55.23,20.42
             54.86,19.31 54.90,18.12 54.94,16.94
             54.95,16.62 54.96,16.31 54.97,16.00
             54.98,14.42 54.99,12.83 54.99,11.25
             54.99,11.03 55.05,10.81 55.12,10.59
             55.12,10.59 55.13,10.55 55.13,10.55
             55.32,9.93 55.69,9.62 56.22,9.60
             56.75,9.59 57.18,9.91 57.33,10.58
             57.45,11.15 57.53,11.74 57.55,12.33
             57.58,13.05 57.58,13.77 57.57,14.49 Z
           M 46.45,11.16
           C 46.45,11.16 46.45,11.16 46.45,11.16
             46.45,11.16 46.45,11.16 46.45,11.16
             46.68,10.06 46.90,8.97 47.14,7.88
             47.34,6.99 47.54,6.11 47.74,5.22
             47.74,5.22 47.74,5.22 47.74,5.22
             47.97,4.20 48.21,3.18 48.42,2.16
             48.52,1.69 48.72,1.58 49.16,1.59
             49.85,1.62 50.54,1.61 51.26,1.61
             51.55,1.60 51.84,1.60 52.14,1.60
             51.83,2.72 51.53,3.78 51.23,4.83
             51.23,4.83 51.23,4.83 51.23,4.83
             51.23,4.83 51.23,4.83 51.23,4.83
             51.23,4.83 51.23,4.83 51.23,4.83
             51.23,4.83 51.15,5.11 51.15,5.11
             50.13,8.68 49.10,12.27 48.09,15.85
             48.02,16.13 47.98,16.43 47.98,16.73
             47.97,18.03 47.98,19.33 47.98,20.64
             47.98,20.64 47.98,20.64 47.98,20.64
             47.98,20.64 47.98,20.64 47.98,20.64
             47.98,20.64 47.98,20.64 47.98,20.64
             47.98,21.29 47.98,21.94 47.98,22.59
             47.98,22.59 47.98,23.23 47.98,23.23
             47.98,23.23 44.47,23.23 44.47,23.23
             44.47,23.17 44.46,23.11 44.46,23.05
             44.45,22.94 44.43,22.82 44.43,22.70
             44.43,22.35 44.43,21.99 44.42,21.64
             44.40,20.88 44.38,20.13 44.45,19.38
             44.67,17.08 44.05,14.94 43.43,12.80
             43.34,12.49 43.25,12.18 43.17,11.87
             42.71,10.25 42.25,8.62 41.80,7.00
             41.34,5.37 40.88,3.75 40.43,2.13
             40.40,2.04 40.38,1.95 40.36,1.86
             40.35,1.78 40.34,1.70 40.31,1.62
             40.31,1.62 43.90,1.62 43.90,1.62
             44.65,5.20 45.41,8.78 46.20,12.39
             46.28,11.98 46.37,11.57 46.45,11.16 Z
           M 108.83,16.50
           C 108.83,16.50 114.88,16.50 114.88,16.50
             114.88,15.77 114.89,15.06 114.89,14.36
             114.90,13.54 114.91,12.73 114.91,11.92
             114.88,11.27 114.77,10.61 114.61,9.96
             114.27,8.60 113.49,7.55 112.02,7.30
             111.11,7.15 110.16,7.11 109.24,7.20
             107.54,7.36 106.45,8.35 105.95,9.95
             105.82,10.34 105.71,10.72 105.64,11.12
             105.27,13.53 105.34,15.95 105.52,18.35
             105.58,19.33 105.89,20.30 106.21,21.23
             106.56,22.23 107.33,22.88 108.36,23.18
             109.76,23.58 111.17,23.58 112.54,23.05
             114.28,22.39 115.31,20.23 114.74,18.55
             114.05,18.52 113.34,18.48 112.64,18.44
             112.64,18.44 112.63,18.44 112.63,18.44
             112.63,18.44 112.63,18.44 112.63,18.44
             112.33,18.43 112.03,18.41 111.73,18.39
             111.73,18.39 111.72,18.50 111.72,18.50
             111.72,18.50 111.72,18.50 111.72,18.50
             111.72,18.50 111.72,18.50 111.72,18.50
             111.71,18.78 111.70,19.00 111.68,19.20
             111.65,19.46 111.62,19.72 111.56,19.97
             111.39,20.75 110.98,21.10 110.26,21.09
             109.57,21.08 109.13,20.75 109.05,19.96
             108.95,19.15 108.92,18.33 108.88,17.48
             108.88,17.48 108.88,17.48 108.88,17.48
             108.88,17.48 108.88,17.48 108.88,17.48
             108.86,17.16 108.85,16.83 108.83,16.50 Z
           M 111.44,14.43
           C 111.44,14.13 111.44,13.84 111.44,13.55
             111.45,12.68 111.45,11.85 111.43,11.01
             111.43,10.75 111.33,10.47 111.23,10.22
             111.02,9.72 110.60,9.59 110.09,9.59
             109.58,9.59 109.26,9.84 109.13,10.29
             108.82,11.41 108.85,12.54 108.87,13.68
             108.88,13.93 108.89,14.19 108.89,14.44
             109.80,14.43 110.64,14.43 111.44,14.43 Z
           M 72.07,4.49
           C 72.07,4.49 75.63,4.49 75.63,4.49
             75.63,4.49 75.63,23.23 75.63,23.23
             75.63,23.23 79.16,23.23 79.16,23.23
             79.16,23.23 79.16,4.47 79.16,4.47
             79.16,4.47 82.69,4.47 82.69,4.47
             82.69,4.47 82.69,1.65 82.69,1.65
             82.69,1.65 72.07,1.65 72.07,1.65
             72.07,1.65 72.07,4.49 72.07,4.49 Z
           M 11.61,24.82
           C 11.61,24.82 19.13,24.96 19.13,24.96
             19.14,24.96 19.17,24.96 19.17,24.98
             23.35,25.05 27.43,24.81 31.61,24.51
             34.94,24.28 35.73,21.90 36.14,19.06
             36.65,15.62 36.77,12.15 36.50,8.70
             36.49,8.53 36.47,8.37 36.46,8.20
             36.21,4.90 35.93,1.18 31.97,0.49
             31.12,0.35 30.26,0.22 29.41,0.19
             21.31,-0.07 13.14,-0.13 5.02,0.42
             2.62,0.58 1.07,1.98 0.67,4.33
             -0.03,8.52 -0.17,12.83 0.20,17.06
             0.20,17.11 0.21,17.16 0.21,17.21
             0.48,20.19 0.79,23.66 4.35,24.38
             6.28,24.77 8.23,24.79 10.19,24.81
             10.67,24.81 11.14,24.81 11.61,24.82 Z
           M 18.67,15.52
           C 17.36,16.27 16.04,17.01 14.71,17.76
             14.71,17.76 14.71,7.16 14.71,7.16
             16.14,7.97 17.56,8.78 18.98,9.58
             20.67,10.54 22.36,11.50 24.07,12.46
             22.26,13.49 20.47,14.50 18.67,15.52 Z
           M 28.94,4.00
           C 28.94,4.00 28.94,21.00 28.94,21.00
             28.94,21.00 7.94,21.00 7.94,21.00
             7.94,21.00 7.94,4.00 7.94,4.00
             7.94,4.00 28.94,4.00 28.94,4.00 Z" />
</svg>
