<?xml version="1.0" encoding="UTF-8" standalone="no"?>
<!DOCTYPE svg PUBLIC "-//W3C//DTD SVG 20010904//EN"
              "http://www.w3.org/TR/2001/REC-SVG-20010904/DTD/svg10.dtd">

<svg xmlns="http://www.w3.org/2000/svg"
     width="0.833333in" height="0.266667in"
     viewBox="0 0 75 24">
  <path id="Imported Path"
        fill="none" stroke="black" stroke-width="1"
        d="M 56.72,22.75
           C 56.72,22.75 56.72,22.75 56.72,22.75
             56.81,22.43 56.89,22.11 56.99,21.73
             57.06,21.83 57.12,21.91 57.17,21.98
             57.17,21.98 57.17,21.98 57.17,21.98
             57.24,22.07 57.29,22.15 57.34,22.22
             58.90,24.24 62.05,23.88 63.01,21.55
             63.30,20.84 63.54,20.07 63.57,19.31
             63.66,16.84 63.70,14.38 63.65,11.91
             63.63,10.95 63.43,9.96 63.12,9.04
             62.65,7.56 61.32,6.89 59.76,7.19
             58.78,7.39 58.02,7.91 57.43,8.70
             57.40,8.75 57.36,8.79 57.31,8.85
             57.31,8.85 57.31,8.85 57.31,8.85
             57.25,8.91 57.18,9.00 57.08,9.12
             57.08,9.12 57.08,0.87 57.08,0.87
             57.08,0.87 53.65,0.87 53.65,0.87
             53.65,0.87 53.65,23.24 53.65,23.24
             53.65,23.24 56.59,23.24 56.59,23.24
             56.64,23.08 56.68,22.91 56.72,22.75 Z
           M 57.16,19.66
           C 57.16,19.66 57.16,15.57 57.16,15.57
             57.16,15.57 57.16,11.48 57.16,11.48
             57.16,10.79 57.49,10.27 58.04,9.90
             58.77,9.43 59.51,9.67 59.78,10.49
             59.93,10.94 60.04,11.43 60.04,11.89
             60.02,14.40 59.96,16.90 59.90,19.40
             59.89,19.66 59.78,19.93 59.66,20.18
             59.39,20.79 58.85,21.04 58.19,20.89
             57.52,20.74 57.16,20.33 57.16,19.66 Z
           M 47.83,7.50
           C 47.83,7.50 51.42,7.50 51.42,7.50
             51.42,7.50 51.42,23.25 51.42,23.25
             51.42,23.25 48.62,23.25 48.62,23.25
             48.52,22.71 48.43,22.16 48.33,21.52
             48.33,21.52 48.33,21.52 48.33,21.52
             48.33,21.52 48.29,21.33 48.29,21.33
             48.17,21.51 48.08,21.64 48.00,21.77
             48.00,21.77 48.00,21.77 48.00,21.77
             48.00,21.77 48.00,21.77 48.00,21.77
             48.00,21.77 48.00,21.77 48.00,21.77
             47.95,21.83 47.91,21.89 47.87,21.96
             46.94,23.28 45.61,23.74 44.05,23.50
             42.72,23.28 41.92,22.27 41.74,20.61
             41.69,20.11 41.66,19.61 41.66,19.11
             41.65,16.66 41.66,14.19 41.66,11.73
             41.66,11.73 41.66,11.73 41.66,11.73
             41.66,11.73 41.66,11.73 41.66,11.73
             41.66,11.73 41.66,11.73 41.66,11.73
             41.66,11.73 41.66,11.73 41.66,11.73
             41.66,11.73 41.66,11.73 41.66,11.73
             41.66,11.73 41.66,11.73 41.66,11.73
             41.66,11.73 41.66,11.72 41.66,11.72
             41.66,10.50 41.66,9.27 41.66,8.05
             41.66,8.05 41.66,7.49 41.66,7.49
             41.66,7.49 45.30,7.49 45.30,7.49
             45.30,7.49 45.30,8.14 45.30,8.14
             45.30,9.03 45.30,9.92 45.30,10.81
             45.29,13.48 45.29,16.14 45.31,18.81
             45.31,19.32 45.36,19.85 45.45,20.35
             45.55,20.87 45.94,21.06 46.45,21.02
             47.28,20.96 47.86,20.35 47.86,19.54
             47.86,19.54 47.86,8.20 47.86,8.20
             47.83,7.97 47.83,7.76 47.83,7.50 Z
           M 26.69,7.49
           C 26.69,7.49 23.08,7.49 23.08,7.49
             23.08,7.49 23.07,7.92 23.07,7.92
             23.07,11.74 23.07,15.59 23.09,19.42
             23.09,19.89 23.13,20.36 23.20,20.84
             23.44,22.37 24.22,23.30 25.50,23.49
             27.10,23.73 28.41,23.24 29.34,21.89
             29.44,21.73 29.55,21.57 29.72,21.31
             29.79,21.66 29.84,21.98 29.89,22.28
             29.89,22.28 29.89,22.28 29.89,22.28
             29.95,22.62 30.01,22.94 30.06,23.25
             30.06,23.25 32.85,23.25 32.85,23.25
             32.85,23.25 32.85,7.52 32.85,7.52
             32.85,7.52 29.26,7.52 29.26,7.52
             29.26,7.52 29.26,8.22 29.26,8.22
             29.26,8.22 29.26,19.50 29.26,19.50
             29.25,20.32 28.76,20.88 27.94,21.00
             27.34,21.07 27.00,20.88 26.86,20.30
             26.75,19.80 26.70,19.28 26.70,18.77
             26.69,16.12 26.69,13.47 26.69,10.82
             26.69,9.93 26.69,9.05 26.69,8.16
             26.69,8.16 26.69,7.49 26.69,7.49 Z
           M 21.23,15.90
           C 21.22,16.33 21.19,16.75 21.17,17.17
             21.16,17.28 21.16,17.39 21.15,17.49
             21.14,17.63 21.13,17.77 21.11,17.92
             20.99,19.47 20.83,21.44 19.64,22.50
             18.81,23.24 17.76,23.50 16.67,23.54
             16.19,23.55 15.70,23.55 15.21,23.48
             12.92,23.14 11.86,22.14 11.47,19.66
             11.04,16.80 11.00,13.88 11.52,11.02
             12.06,8.05 13.91,7.00 16.80,7.20
             19.49,7.39 20.69,9.13 21.01,11.60
             21.18,13.02 21.26,14.46 21.23,15.90 Z
           M 17.57,14.49
           C 17.57,14.78 17.57,15.07 17.57,15.36
             17.57,16.29 17.53,17.23 17.49,18.16
             17.49,18.16 17.49,18.16 17.49,18.16
             17.49,18.16 17.49,18.16 17.49,18.16
             17.49,18.16 17.49,18.16 17.49,18.16
             17.49,18.16 17.49,18.16 17.49,18.16
             17.48,18.59 17.46,19.01 17.45,19.44
             17.45,19.78 17.33,20.13 17.19,20.45
             17.02,20.86 16.71,21.09 16.23,21.09
             15.75,21.09 15.38,20.85 15.23,20.42
             14.86,19.31 14.90,18.12 14.94,16.94
             14.95,16.62 14.96,16.31 14.97,16.00
             14.98,14.42 14.99,12.83 14.99,11.25
             14.99,11.03 15.05,10.81 15.12,10.59
             15.12,10.59 15.13,10.55 15.13,10.55
             15.32,9.93 15.69,9.62 16.22,9.60
             16.75,9.59 17.18,9.91 17.33,10.58
             17.45,11.15 17.53,11.74 17.55,12.33
             17.58,13.05 17.58,13.77 17.57,14.49 Z
           M 6.45,11.16
           C 6.45,11.16 6.45,11.16 6.45,11.16
             6.45,11.16 6.45,11.16 6.45,11.16
             6.68,10.06 6.90,8.97 7.14,7.88
             7.34,6.99 7.54,6.11 7.74,5.22
             7.74,5.22 7.74,5.22 7.74,5.22
             7.97,4.20 8.21,3.18 8.42,2.16
             8.52,1.69 8.72,1.58 9.16,1.59
             9.85,1.62 10.54,1.61 11.26,1.61
             11.55,1.60 11.84,1.60 12.14,1.60
             11.83,2.72 11.53,3.78 11.23,4.83
             11.23,4.83 11.23,4.83 11.23,4.83
             11.23,4.83 11.23,4.83 11.23,4.83
             11.23,4.83 11.23,4.83 11.23,4.83
             11.23,4.83 11.15,5.11 11.15,5.11
             10.13,8.68 9.10,12.27 8.09,15.85
             8.02,16.13 7.98,16.43 7.98,16.73
             7.97,18.03 7.98,19.33 7.98,20.64
             7.98,20.64 7.98,20.64 7.98,20.64
             7.98,20.64 7.98,20.64 7.98,20.64
             7.98,20.64 7.98,20.64 7.98,20.64
             7.98,21.29 7.98,21.94 7.98,22.59
             7.98,22.59 7.98,23.23 7.98,23.23
             7.98,23.23 4.47,23.23 4.47,23.23
             4.47,23.17 4.46,23.11 4.46,23.05
             4.44,22.94 4.43,22.82 4.43,22.70
             4.43,22.35 4.43,21.99 4.42,21.64
             4.40,20.88 4.38,20.13 4.45,19.38
             4.67,17.08 4.05,14.94 3.43,12.80
             3.34,12.49 3.25,12.18 3.17,11.87
             2.71,10.25 2.25,8.62 1.80,7.00
             1.34,5.37 0.88,3.75 0.43,2.13
             0.40,2.04 0.38,1.95 0.36,1.86
             0.35,1.78 0.34,1.70 0.31,1.62
             0.31,1.62 3.90,1.62 3.90,1.62
             4.65,5.20 5.41,8.78 6.20,12.39
             6.28,11.98 6.37,11.57 6.45,11.16 Z
           M 68.83,16.50
           C 68.83,16.50 74.88,16.50 74.88,16.50
             74.88,15.77 74.89,15.06 74.89,14.36
             74.90,13.54 74.91,12.73 74.91,11.92
             74.88,11.27 74.77,10.61 74.61,9.96
             74.27,8.60 73.49,7.55 72.02,7.30
             71.11,7.15 70.16,7.11 69.24,7.20
             67.54,7.36 66.45,8.35 65.95,9.95
             65.82,10.34 65.71,10.72 65.64,11.12
             65.27,13.53 65.34,15.95 65.52,18.35
             65.58,19.33 65.89,20.30 66.21,21.23
             66.56,22.23 67.33,22.88 68.36,23.18
             69.76,23.58 71.17,23.58 72.54,23.05
             74.28,22.39 75.31,20.23 74.74,18.55
             74.04,18.52 73.35,18.48 72.64,18.44
             72.64,18.44 72.63,18.44 72.63,18.44
             72.63,18.44 72.63,18.44 72.63,18.44
             72.33,18.43 72.03,18.41 71.73,18.39
             71.73,18.39 71.72,18.50 71.72,18.50
             71.72,18.50 71.72,18.50 71.72,18.50
             71.72,18.50 71.72,18.50 71.72,18.50
             71.71,18.78 71.70,19.00 71.68,19.20
             71.65,19.46 71.62,19.72 71.56,19.97
             71.40,20.75 70.98,21.10 70.26,21.09
             69.57,21.08 69.13,20.75 69.04,19.96
             68.95,19.15 68.92,18.33 68.88,17.48
             68.88,17.48 68.88,17.48 68.88,17.48
             68.88,17.48 68.88,17.48 68.88,17.48
             68.86,17.16 68.85,16.83 68.83,16.50 Z
           M 71.44,14.43
           C 71.44,14.13 71.44,13.84 71.44,13.55
             71.45,12.68 71.45,11.85 71.43,11.01
             71.43,10.75 71.33,10.47 71.23,10.22
             71.02,9.72 70.60,9.59 70.09,9.59
             69.58,9.59 69.26,9.84 69.13,10.29
             68.82,11.41 68.85,12.54 68.88,13.68
             68.88,13.93 68.89,14.19 68.89,14.44
             69.80,14.43 70.64,14.43 71.44,14.43 Z
           M 32.07,4.49
           C 32.07,4.49 35.63,4.49 35.63,4.49
             35.63,4.49 35.63,23.23 35.63,23.23
             35.63,23.23 39.16,23.23 39.16,23.23
             39.16,23.23 39.16,4.47 39.16,4.47
             39.16,4.47 42.69,4.47 42.69,4.47
             42.69,4.47 42.69,1.65 42.69,1.65
             42.69,1.65 32.07,1.65 32.07,1.65
             32.07,1.65 32.07,4.49 32.07,4.49 Z" />
</svg>
