<?xml version="1.0" encoding="UTF-8" standalone="no"?>
<!DOCTYPE svg PUBLIC "-//W3C//DTD SVG 20010904//EN"
              "http://www.w3.org/TR/2001/REC-SVG-20010904/DTD/svg10.dtd">

<svg xmlns="http://www.w3.org/2000/svg"
     width="0.411111in" height="0.277778in"
     viewBox="0 0 37 25">
  <path id="Imported Path"
        fill="none" stroke="black" stroke-width="1"
        d="M 11.61,24.82
           C 11.61,24.82 19.13,24.96 19.13,24.96
             19.14,24.96 19.17,24.96 19.17,24.98
             23.35,25.05 27.43,24.81 31.61,24.51
             34.94,24.28 35.73,21.90 36.14,19.06
             36.65,15.62 36.77,12.15 36.50,8.70
             36.49,8.53 36.47,8.37 36.46,8.20
             36.21,4.90 35.93,1.18 31.97,0.49
             31.12,0.35 30.26,0.22 29.41,0.19
             21.31,-0.07 13.14,-0.13 5.02,0.42
             2.62,0.58 1.07,1.98 0.67,4.33
             -0.03,8.52 -0.17,12.83 0.20,17.06
             0.20,17.11 0.21,17.16 0.21,17.21
             0.48,20.19 0.79,23.66 4.35,24.38
             6.28,24.77 8.23,24.79 10.19,24.81
             10.67,24.81 11.14,24.81 11.61,24.82 Z
           M 18.67,15.52
           C 17.36,16.27 16.04,17.01 14.71,17.76
             14.71,17.76 14.71,7.16 14.71,7.16
             16.14,7.97 17.56,8.78 18.98,9.58
             20.67,10.54 22.36,11.50 24.07,12.46
             22.26,13.49 20.47,14.50 18.67,15.52 Z" />
</svg>
